botleft : -0.0174598
botright : -0.0218673
c1 : 0.0763104
c2 : -0.00974568
lEnv : -0.0240426
rEnv : -0.00340224
